321.169000
389.309000
460.306000
8.496000
177.642000
608.048000
588.031000
962.089000
858.554000
8.906000
545.980000
246.307000
264.422000
863.343000
24.242000
506.847000
101.892000
431.683000
114.248000
694.176000
317.116000
574.834000
402.771000
946.349000
416.331000
711.745000
48.416000
897.642000
17.454000
351.384000
349.014000
324.068000
150.449000
836.808000
517.143000
504.077000
238.715000
782.179000
960.799000
353.307000
323.724000
835.450000
918.090000
474.429000
355.144000
712.368000
221.516000
988.387000
384.714000
692.047000
435.000000
19.000000
259.000000
361.000000
797.000000
744.000000
122.000000
820.000000
89.000000
841.000000
0.021000
0.572000
0.525000
0.217000
0.507000
0.253000
0.671000
0.770000
0.383000
0.469000
0.306000
0.495000
0.264000
0.125000
0.621000
0.270000
0.689000
0.809000
0.939000
0.200000
